re_shop:759.195435 -1201.804565 -108.968750:0 360 0
re_shop:-1846.639648 -2397.489014 191.031250:0 180 0